#Id,Prefix
DST_1002,1002